#Lambda		#gdark		#mchi		#mbx		#mphi		#omega 
  1.0000000000000000E-008   2.4621965000000000E-003  0.20000000000000001        2.0000000000000000E-002   10.000000000000000       0.18970470440699999     
   1.0000000000000000E-008   2.4621965000000000E-003  0.20000000000000001        2.0000000000000000E-002   8.0000000000000000       0.18966409247400001     
   1.0000000000000000E-008   2.4621965000000000E-003  0.20000000000000001        2.0000000000000000E-002   5.0000000000000000       0.18928298378299999     
   1.0000000000000000E-008   2.4621965000000000E-003   5.0000000000000003E-002   2.0000000000000000E-002   1.0000000000000000       0.18877321776000000     
   1.0000000000000000E-008   1.2310983000000000E-005  0.29999999999999999        1.0000000000000000E-004   10.000000000000000       0.17792991403700001     
   1.0000000000000000E-008   6.1554912999999998E-005  0.29999999999999999        5.0000000000000001E-004   10.000000000000000       0.17791374797300000     
   1.0000000000000000E-008   1.2310982500000000E-004  0.29999999999999999        1.0000000000000000E-003   10.000000000000000       0.17786324840100001     
   1.0000000000000000E-008   1.2310983000000000E-005  0.29999999999999999        1.0000000000000000E-004   8.0000000000000000       0.17785376789200000     
   1.0000000000000000E-008   6.1554912999999998E-005  0.29999999999999999        5.0000000000000001E-004   8.0000000000000000       0.17783761624399999     
   1.0000000000000000E-008   1.2310982500000000E-004  0.29999999999999999        1.0000000000000000E-003   8.0000000000000000       0.17778716169400000     
   1.0000000000000000E-008   2.4621965000000000E-004  0.29999999999999999        2.0000000000000000E-003   10.000000000000000       0.17766154324700001     
   1.0000000000000000E-008   2.4621965000000000E-004  0.29999999999999999        2.0000000000000000E-003   8.0000000000000000       0.17758563623099999     
   1.0000000000000000E-008   3.6932947500000000E-004  0.29999999999999999        3.0000000000000001E-003   10.000000000000000       0.17732640671100000     
   1.0000000000000000E-008   3.6932947500000000E-004  0.29999999999999999        3.0000000000000001E-003   8.0000000000000000       0.17725079777399999     
   1.0000000000000000E-008   1.2310983000000000E-005  0.29999999999999999        1.0000000000000000E-004   5.0000000000000000       0.17714090473700000     
   1.0000000000000000E-008   6.1554912999999998E-005  0.29999999999999999        5.0000000000000001E-004   5.0000000000000000       0.17712488769900001     
   1.0000000000000000E-008   1.2310982500000000E-004  0.29999999999999999        1.0000000000000000E-003   5.0000000000000000       0.17707485356000000     
   1.0000000000000000E-008   2.4621965000000000E-004  0.29999999999999999        2.0000000000000000E-003   5.0000000000000000       0.17687500603900000     
   1.0000000000000000E-008   3.6932947500000000E-004  0.29999999999999999        3.0000000000000001E-003   5.0000000000000000       0.17654295105199999     
   1.0000000000000000E-008   6.1554912500000000E-004  0.29999999999999999        5.0000000000000001E-003   10.000000000000000       0.17626261432599999     
   1.0000000000000000E-008   6.1554912500000000E-004  0.29999999999999999        5.0000000000000001E-003   8.0000000000000000       0.17618794757400000     
   1.0000000000000000E-008   6.1554912500000000E-004  0.29999999999999999        5.0000000000000001E-003   5.0000000000000000       0.17548889919899999     
   1.0000000000000001E-009   9.8487860000000000E-003  0.29999999999999999       0.80000000000000004        10.000000000000000       0.17429757230000001     
   1.0000000000000001E-009   9.8487860000000000E-003  0.29999999999999999       0.80000000000000004        50.000000000000000       0.17429757230000001     
   1.0000000000000001E-009   9.8487860000000000E-003  0.29999999999999999       0.80000000000000004        100.00000000000000       0.17429757230000001     
   1.0000000000000001E-009   9.8487860000000000E-003  0.29999999999999999       0.80000000000000004        5.0000000000000000       0.17429757230000001     
   1.0000000000000001E-009   9.8487860000000000E-003  0.29999999999999999       0.80000000000000004        8.0000000000000000       0.17429757230000001     
   1.0000000000000001E-009   9.8487860000000000E-003  0.29999999999999999       0.80000000000000004        1.0000000000000000       0.17428619643500001     
   1.0000000000000000E-008   9.8487860000000000E-004  0.29999999999999999        8.0000000000000002E-003   10.000000000000000       0.17372354881300001     
   1.0000000000000000E-008   9.8487860000000000E-004  0.29999999999999999        8.0000000000000002E-003   8.0000000000000000       0.17365110639900000     
   1.0000000000000000E-008   9.8487860000000000E-004  0.29999999999999999        8.0000000000000002E-003   5.0000000000000000       0.17297283131999999     
   1.0000000000000000E-008   1.2310983000000000E-005  0.10000000000000001        1.0000000000000000E-004   1.0000000000000000       0.17230864000400001     
   1.0000000000000000E-008   6.1554912999999998E-005  0.10000000000000001        5.0000000000000001E-004   1.0000000000000000       0.17229245280300001     
   1.0000000000000000E-008   1.2310982500000000E-004  0.10000000000000001        1.0000000000000000E-003   1.0000000000000000       0.17224188871000001     
   1.0000000000000000E-008   2.4621965000000000E-004  0.10000000000000001        2.0000000000000000E-003   1.0000000000000000       0.17203994863200001     
   1.0000000000000000E-008   3.6932947500000000E-004  0.10000000000000001        3.0000000000000001E-003   1.0000000000000000       0.17170450226100001     
   1.0000000000000000E-008   1.2310982500000000E-003  0.29999999999999999        1.0000000000000000E-002   10.000000000000000       0.17144536418000000     
   1.0000000000000000E-008   1.2310982500000000E-003  0.29999999999999999        1.0000000000000000E-002   8.0000000000000000       0.17137488828100000     
   1.0000000000000000E-008   1.2310982500000000E-003  0.29999999999999999        1.0000000000000000E-002   5.0000000000000000       0.17071498050400000     
   1.0000000000000000E-008   6.1554912500000000E-004  0.10000000000000001        5.0000000000000001E-003   1.0000000000000000       0.17064039055300001     
   1.0000000000000000E-008   9.8487860000000000E-004  0.10000000000000001        8.0000000000000002E-003   1.0000000000000000       0.16810461538099999     
   1.0000000000000000E-008   1.2310982500000000E-003  0.10000000000000001        1.0000000000000000E-002   1.0000000000000000       0.16583420165900001     
   1.0000000000000000E-008   2.4621965000000000E-003  0.29999999999999999        2.0000000000000000E-002   10.000000000000000       0.15459931769999999     
   1.0000000000000000E-008   2.4621965000000000E-003  0.29999999999999999        2.0000000000000000E-002   8.0000000000000000       0.15454252414899999     
   1.0000000000000000E-008   2.4621965000000000E-003  0.29999999999999999        2.0000000000000000E-002   5.0000000000000000       0.15401046205600000     
   1.0000000000000000E-008   2.4621965000000000E-003  0.10000000000000001        2.0000000000000000E-002   1.0000000000000000       0.14919153874400001     
   1.0000000000000001E-009   4.9243930000000000E-003   2.0000000000000000       0.40000000000000002        5.0000000000000000       0.14429876449400000     
   1.0000000000000000E-008   1.2310983000000000E-005  0.40000000000000002        1.0000000000000000E-004   10.000000000000000       0.13607368489700000     
   1.0000000000000000E-008   6.1554912999999998E-005  0.40000000000000002        5.0000000000000001E-004   10.000000000000000       0.13606444940199999     
   1.0000000000000000E-008   1.2310982500000000E-004  0.40000000000000002        1.0000000000000000E-003   10.000000000000000       0.13603559672400001     
   1.0000000000000000E-008   1.2310983000000000E-005  0.40000000000000002        1.0000000000000000E-004   8.0000000000000000       0.13599814911600000     
   1.0000000000000000E-008   6.1554912999999998E-005  0.40000000000000002        5.0000000000000001E-004   8.0000000000000000       0.13598892425199999     
   1.0000000000000000E-008   1.2310982500000000E-004  0.40000000000000002        1.0000000000000000E-003   8.0000000000000000       0.13596010478300000     
   1.0000000000000000E-008   2.4621965000000000E-004  0.40000000000000002        2.0000000000000000E-003   10.000000000000000       0.13592031080799999     
   1.0000000000000000E-008   2.4621965000000000E-004  0.40000000000000002        2.0000000000000000E-003   8.0000000000000000       0.13584495148600001     
   1.0000000000000000E-008   3.6932947500000000E-004  0.40000000000000002        3.0000000000000001E-003   10.000000000000000       0.13572861021499999     
   1.0000000000000000E-008   3.6932947500000000E-004  0.40000000000000002        3.0000000000000001E-003   8.0000000000000000       0.13565347115099999     
   1.0000000000000000E-008   1.2310983000000000E-005  0.40000000000000002        1.0000000000000000E-004   5.0000000000000000       0.13529197048000000     
   1.0000000000000000E-008   6.1554912999999998E-005  0.40000000000000002        5.0000000000000001E-004   5.0000000000000000       0.13528284468400001     
   1.0000000000000000E-008   1.2310982500000000E-004  0.40000000000000002        1.0000000000000000E-003   5.0000000000000000       0.13525433466799999     
   1.0000000000000000E-008   2.4621965000000000E-004  0.40000000000000002        2.0000000000000000E-003   5.0000000000000000       0.13514041716000000     
   1.0000000000000000E-008   6.1554912500000000E-004  0.40000000000000002        5.0000000000000001E-003   10.000000000000000       0.13511886048100000     
   1.0000000000000000E-008   6.1554912500000000E-004  0.40000000000000002        5.0000000000000001E-003   8.0000000000000000       0.13504441981599999     
   1.0000000000000000E-008   3.6932947500000000E-004  0.40000000000000002        3.0000000000000001E-003   5.0000000000000000       0.13495098929700000     
   1.0000000000000000E-008   6.1554912500000000E-004  0.40000000000000002        5.0000000000000001E-003   5.0000000000000000       0.13434844616200001     
   1.0000000000000000E-008   9.8487860000000000E-004  0.40000000000000002        8.0000000000000002E-003   10.000000000000000       0.13365576379200000     
   1.0000000000000000E-008   9.8487860000000000E-004  0.40000000000000002        8.0000000000000002E-003   8.0000000000000000       0.13358298537300001     
   1.0000000000000000E-008   9.8487860000000000E-004  0.40000000000000002        8.0000000000000002E-003   5.0000000000000000       0.13290250291899999     
   1.0000000000000000E-008   1.2310982500000000E-003  0.40000000000000002        1.0000000000000000E-002   10.000000000000000       0.13233362875400001     
   1.0000000000000000E-008   1.2310982500000000E-003  0.40000000000000002        1.0000000000000000E-002   8.0000000000000000       0.13226233596600001     
   1.0000000000000000E-008   1.2310982500000000E-003  0.40000000000000002        1.0000000000000000E-002   5.0000000000000000       0.13159570014600000     
   1.0000000000000001E-009   6.1554912500009999       0.40000000000000002        500.00000000000000        1.0000000000000000       0.13042631744399999     
   1.0000000000000000E-008   1.2310983000000000E-005   5.0000000000000003E-002   1.0000000000000000E-004  0.59999999999999998       0.12674191318799999     
   1.0000000000000000E-008   6.1554912999999998E-005   5.0000000000000003E-002   5.0000000000000001E-004  0.59999999999999998       0.12673372316500001     
   1.0000000000000000E-008   1.2310982500000000E-004   5.0000000000000003E-002   1.0000000000000000E-003  0.59999999999999998       0.12670813841000000     
   1.0000000000000000E-008   2.4621965000000000E-004   5.0000000000000003E-002   2.0000000000000000E-003  0.59999999999999998       0.12660593650099999     
   1.0000000000000000E-008   3.6932947500000000E-004   5.0000000000000003E-002   3.0000000000000001E-003  0.59999999999999998       0.12643608552300001     
   1.0000000000000000E-008   6.1554912500000000E-004   5.0000000000000003E-002   5.0000000000000001E-003  0.59999999999999998       0.12589659567700001     
   1.0000000000000001E-009   1.2310982500000001       0.40000000000000002        100.00000000000000        1.0000000000000000       0.12531776456200000     
   1.0000000000000001E-009  0.61554912500000003       0.40000000000000002        50.000000000000000        1.0000000000000000       0.12531532110599999     
   1.0000000000000001E-009  0.12310982500000001       0.40000000000000002        10.000000000000000        1.0000000000000000       0.12523638391200001     
   1.0000000000000000E-008   9.8487860000000000E-004   5.0000000000000003E-002   8.0000000000000002E-003  0.59999999999999998       0.12460663100600000     
   1.0000000000000000E-008   1.2310982500000000E-003   5.0000000000000003E-002   1.0000000000000000E-002  0.59999999999999998       0.12344610946800000     
   1.0000000000000000E-008   2.4621965000000000E-003  0.40000000000000002        2.0000000000000000E-002   10.000000000000000       0.12227342749400000     
   1.0000000000000000E-008   2.4621965000000000E-003  0.40000000000000002        2.0000000000000000E-002   8.0000000000000000       0.12221292742400000     
   1.0000000000000000E-008   2.4621965000000000E-003  0.40000000000000002        2.0000000000000000E-002   5.0000000000000000       0.12164692501200000     
   1.0000000000000001E-009   1.2310982500000001       0.10000000000000001        100.00000000000000       0.20000000000000001       0.12027287556900000     
   1.0000000000000001E-009  0.61554912500000003       0.10000000000000001        50.000000000000000       0.20000000000000001       0.12027286383100000     
   1.0000000000000001E-009  0.12310982500000001       0.10000000000000001        10.000000000000000       0.20000000000000001       0.12027248792000000     
   1.0000000000000001E-009   9.8487860000000000E-003  0.10000000000000001       0.80000000000000004       0.20000000000000001       0.12020277928500001     
   1.0000000000000001E-009   6.1554912499999998E-003  0.10000000000000001       0.50000000000000000       0.20000000000000001       0.12004615429700000     
   1.0000000000000001E-009   4.9243930000000000E-003  0.10000000000000001       0.40000000000000002       0.20000000000000001       0.11982136467000000     
   1.0000000000000000E-008   2.4621965000000000E-003   5.0000000000000003E-002   2.0000000000000000E-002  0.59999999999999998       0.11472510580500000     
   1.0000000000000001E-009   6.1554912500009999       0.29999999999999999        500.00000000000000       0.59999999999999998       0.11373974068300000     
   1.0000000000000001E-009   1.2310982500000001       0.29999999999999999        100.00000000000000       0.59999999999999998       0.11099503378200000     
   1.0000000000000001E-009  0.61554912500000003       0.29999999999999999        50.000000000000000       0.59999999999999998       0.11099428136000000     
   1.0000000000000001E-009  0.12310982500000001       0.29999999999999999        10.000000000000000       0.59999999999999998       0.11097006933200000     
   1.0000000000000001E-009   6.1554912500009999       0.50000000000000000        500.00000000000000        1.0000000000000000       0.11025301379000001     
   1.0000000000000001E-009   1.2310982500000000E-002  0.29999999999999999        1.0000000000000000       0.59999999999999998       0.10588251586700000     
   1.0000000000000000E-008   6.1554912499999998E-003  0.10000000000000001        5.0000000000000003E-002   10.000000000000000       0.10546598836399999     
   1.0000000000000000E-008   6.1554912499999998E-003  0.10000000000000001        5.0000000000000003E-002   8.0000000000000000       0.10546314599200000     
   1.0000000000000000E-008   6.1554912499999998E-003  0.10000000000000001        5.0000000000000003E-002   5.0000000000000000       0.10543641085400000     
   1.0000000000000000E-008   1.2310983000000000E-005  0.50000000000000000        1.0000000000000000E-004   10.000000000000000       0.10448434717400000     
   1.0000000000000000E-008   6.1554912999999998E-005  0.50000000000000000        5.0000000000000001E-004   10.000000000000000       0.10447896839100000     
   1.0000000000000000E-008   1.2310982500000000E-004  0.50000000000000000        1.0000000000000000E-003   10.000000000000000       0.10446216333300000     
   1.0000000000000000E-008   1.2310983000000000E-005  0.50000000000000000        1.0000000000000000E-004   8.0000000000000000       0.10441677812200000     
   1.0000000000000000E-008   6.1554912999999998E-005  0.50000000000000000        5.0000000000000001E-004   8.0000000000000000       0.10441140653300000     
   1.0000000000000000E-008   2.4621965000000000E-004  0.50000000000000000        2.0000000000000000E-003   10.000000000000000       0.10439499816300001     
   1.0000000000000000E-008   1.2310982500000000E-004  0.50000000000000000        1.0000000000000000E-003   8.0000000000000000       0.10439462394900000     
   1.0000000000000000E-008   2.4621965000000000E-004  0.50000000000000000        2.0000000000000000E-003   8.0000000000000000       0.10432754856199999     
   1.0000000000000000E-008   3.6932947500000000E-004  0.50000000000000000        3.0000000000000001E-003   10.000000000000000       0.10428325161599999     
   1.0000000000000000E-008   3.6932947500000000E-004  0.50000000000000000        3.0000000000000001E-003   8.0000000000000000       0.10421595125600000     
   1.0000000000000000E-008   6.1554912500000000E-004  0.50000000000000000        5.0000000000000001E-003   10.000000000000000       0.10392729545500000     
   1.0000000000000000E-008   6.1554912500000000E-004  0.50000000000000000        5.0000000000000001E-003   8.0000000000000000       0.10386046936700000     
   1.0000000000000000E-008   1.2310983000000000E-005  0.50000000000000000        1.0000000000000000E-004   5.0000000000000000       0.10378571142699999     
   1.0000000000000000E-008   6.1554912999999998E-005  0.50000000000000000        5.0000000000000001E-004   5.0000000000000000       0.10378040676700000     
   1.0000000000000000E-008   1.2310982500000000E-004  0.50000000000000000        1.0000000000000000E-003   5.0000000000000000       0.10376383326499999     
   1.0000000000000000E-008   2.4621965000000000E-004  0.50000000000000000        2.0000000000000000E-003   5.0000000000000000       0.10369759317299999     
   1.0000000000000000E-008   3.6932947500000000E-004  0.50000000000000000        3.0000000000000001E-003   5.0000000000000000       0.10358738435800000     
   1.0000000000000001E-009  0.61554912500000003       0.50000000000000000        50.000000000000000        1.0000000000000000       0.10341918330300000     
   1.0000000000000001E-009  0.12310982500000001       0.50000000000000000        10.000000000000000        1.0000000000000000       0.10325812123899999     
   1.0000000000000000E-008   6.1554912500000000E-004  0.50000000000000000        5.0000000000000001E-003   5.0000000000000000       0.10323631503300000     
   1.0000000000000000E-008   9.8487860000000000E-004  0.50000000000000000        8.0000000000000002E-003   10.000000000000000       0.10306995216200000     
   1.0000000000000000E-008   9.8487860000000000E-004  0.50000000000000000        8.0000000000000002E-003   8.0000000000000000       0.10300426129400000     
   1.0000000000000000E-008   9.8487860000000000E-004  0.50000000000000000        8.0000000000000002E-003   5.0000000000000000       0.10239065918300000     
   1.0000000000000000E-008   6.1554912499999998E-003  0.20000000000000001        5.0000000000000003E-002   10.000000000000000       0.10236084382799999     
   1.0000000000000000E-008   6.1554912499999998E-003  0.20000000000000001        5.0000000000000003E-002   8.0000000000000000       0.10234993413000000     
   1.0000000000000000E-008   1.2310982500000000E-003  0.50000000000000000        1.0000000000000000E-002   10.000000000000000       0.10229124449700000     
   1.0000000000000000E-008   6.1554912499999998E-003  0.20000000000000001        5.0000000000000003E-002   5.0000000000000000       0.10224741088000000     
   1.0000000000000000E-008   1.2310982500000000E-003  0.50000000000000000        1.0000000000000000E-002   8.0000000000000000       0.10222657623400000     
   1.0000000000000000E-008   1.2310982500000000E-003  0.50000000000000000        1.0000000000000000E-002   5.0000000000000000       0.10162249045799999     
   1.0000000000000001E-009   6.1554912499999998E-003  0.29999999999999999       0.50000000000000000       0.59999999999999998        9.8851405007000001E-002
   1.0000000000000000E-008   2.4621965000000000E-003  0.50000000000000000        2.0000000000000000E-002   10.000000000000000        9.6240216114999999E-002
   1.0000000000000000E-008   2.4621965000000000E-003  0.50000000000000000        2.0000000000000000E-002   8.0000000000000000        9.6183215995999993E-002
   1.0000000000000000E-008   2.4621965000000000E-003  0.50000000000000000        2.0000000000000000E-002   5.0000000000000000        9.5650515921999996E-002
   1.0000000000000000E-008   6.1554912499999998E-003  0.29999999999999999        5.0000000000000003E-002   10.000000000000000        9.2265012199999996E-002
   1.0000000000000000E-008   6.1554912499999998E-003  0.29999999999999999        5.0000000000000003E-002   8.0000000000000000        9.2245787529999998E-002
   1.0000000000000000E-008   6.1554912499999998E-003  0.29999999999999999        5.0000000000000003E-002   5.0000000000000000        9.2065329855000003E-002
   1.0000000000000001E-009   9.8487860000000000E-003  0.50000000000000000       0.80000000000000004        1.0000000000000000        9.0619601014999995E-002
   1.0000000000000000E-008   6.1554912499999998E-003  0.10000000000000001        5.0000000000000003E-002   1.0000000000000000        8.8957133790000004E-002
   1.0000000000000000E-008   1.2310983000000000E-005  0.20000000000000001        1.0000000000000000E-004   1.0000000000000000        8.5135020588000002E-002
   1.0000000000000000E-008   6.1554912999999998E-005  0.20000000000000001        5.0000000000000001E-004   1.0000000000000000        8.5131490355999997E-002
   1.0000000000000000E-008   1.2310982500000000E-004  0.20000000000000001        1.0000000000000000E-003   1.0000000000000000        8.5120460356000002E-002
   1.0000000000000000E-008   2.4621965000000000E-004  0.20000000000000001        2.0000000000000000E-003   1.0000000000000000        8.5076370230999995E-002
   1.0000000000000000E-008   3.6932947500000000E-004  0.20000000000000001        3.0000000000000001E-003   1.0000000000000000        8.5002992757000004E-002
   1.0000000000000000E-008   6.1554912500000000E-004  0.20000000000000001        5.0000000000000001E-003   1.0000000000000000        8.4769071927000006E-002
   1.0000000000000000E-008   9.8487860000000000E-004  0.20000000000000001        8.0000000000000002E-003   1.0000000000000000        8.4204491919999999E-002
   1.0000000000000000E-008   1.2310982500000000E-003  0.20000000000000001        1.0000000000000000E-002   1.0000000000000000        8.3690278004999993E-002
   1.0000000000000000E-008   1.2310983000000000E-005  0.59999999999999998        1.0000000000000000E-004   10.000000000000000        8.1465624198000006E-002
   1.0000000000000000E-008   6.1554912999999998E-005  0.59999999999999998        5.0000000000000001E-004   10.000000000000000        8.1462373985999995E-002
   1.0000000000000000E-008   1.2310982500000000E-004  0.59999999999999998        1.0000000000000000E-003   10.000000000000000        8.1452218773000004E-002
   1.0000000000000000E-008   2.4621965000000000E-004  0.59999999999999998        2.0000000000000000E-003   10.000000000000000        8.1411623688999998E-002
   1.0000000000000000E-008   1.2310983000000000E-005  0.59999999999999998        1.0000000000000000E-004   8.0000000000000000        8.1407607640000004E-002
   1.0000000000000000E-008   6.1554912999999998E-005  0.59999999999999998        5.0000000000000001E-004   8.0000000000000000        8.1404362206000003E-002
   1.0000000000000000E-008   1.2310982500000000E-004  0.59999999999999998        1.0000000000000000E-003   8.0000000000000000        8.1394221919999996E-002
   1.0000000000000000E-008   2.4621965000000000E-004  0.59999999999999998        2.0000000000000000E-003   8.0000000000000000        8.1353686487999996E-002
   1.0000000000000000E-008   3.6932947500000000E-004  0.59999999999999998        3.0000000000000001E-003   10.000000000000000        8.1344056693000003E-002
   1.0000000000000000E-008   3.6932947500000000E-004  0.59999999999999998        3.0000000000000001E-003   8.0000000000000000        8.1286218707999999E-002
   1.0000000000000000E-008   6.1554912500000000E-004  0.59999999999999998        5.0000000000000001E-003   10.000000000000000        8.1128607598000002E-002
   1.0000000000000000E-008   6.1554912500000000E-004  0.59999999999999998        5.0000000000000001E-003   8.0000000000000000        8.1071085404000001E-002
   1.0000000000000001E-009   1.2310982500000001        2.0000000000000000        100.00000000000000        100.00000000000000        8.0934380343000004E-002
   1.0000000000000001E-009   1.2310982500000001        2.0000000000000000        100.00000000000000        50.000000000000000        8.0934380030000003E-002
   1.0000000000000001E-009   1.2310982500000001        2.0000000000000000        100.00000000000000        10.000000000000000        8.0934079169000001E-002
   1.0000000000000001E-009   1.2310982500000001        2.0000000000000000        100.00000000000000        8.0000000000000000        8.0933433605999999E-002
   1.0000000000000000E-008   1.2310983000000000E-005  0.59999999999999998        1.0000000000000000E-004   5.0000000000000000        8.0866123935000006E-002
   1.0000000000000000E-008   6.1554912999999998E-005  0.59999999999999998        5.0000000000000001E-004   5.0000000000000000        8.0862922906000001E-002
   1.0000000000000000E-008   1.2310982500000000E-004  0.59999999999999998        1.0000000000000000E-003   5.0000000000000000        8.0852921354000004E-002
   1.0000000000000000E-008   2.4621965000000000E-004  0.59999999999999998        2.0000000000000000E-003   5.0000000000000000        8.0812940323000002E-002
   1.0000000000000000E-008   3.6932947500000000E-004  0.59999999999999998        3.0000000000000001E-003   5.0000000000000000        8.0746394659999998E-002
   1.0000000000000000E-008   9.8487860000000000E-004  0.59999999999999998        8.0000000000000002E-003   10.000000000000000        8.0608286771000001E-002
   1.0000000000000000E-008   9.8487860000000000E-004  0.59999999999999998        8.0000000000000002E-003   8.0000000000000000        8.0551523607000006E-002
   1.0000000000000000E-008   6.1554912500000000E-004  0.59999999999999998        5.0000000000000001E-003   5.0000000000000000        8.0534196385999998E-002
   1.0000000000000001E-009  0.61554912500000003        2.0000000000000000        50.000000000000000        100.00000000000000        8.0169749804000004E-002
   1.0000000000000001E-009  0.61554912500000003        2.0000000000000000        50.000000000000000        50.000000000000000        8.0169749496999995E-002
   1.0000000000000001E-009  0.61554912500000003        2.0000000000000000        50.000000000000000        10.000000000000000        8.0169454587000005E-002
   1.0000000000000001E-009  0.61554912500000003        2.0000000000000000        50.000000000000000        8.0000000000000000        8.0168821806000004E-002
   1.0000000000000000E-008   6.1554912499999998E-003  0.40000000000000002        5.0000000000000003E-002   10.000000000000000        8.0144492023999994E-002
   1.0000000000000000E-008   1.2310982500000000E-003  0.59999999999999998        1.0000000000000000E-002   10.000000000000000        8.0133985857000004E-002
   1.0000000000000000E-008   6.1554912499999998E-003  0.40000000000000002        5.0000000000000003E-002   8.0000000000000000        8.0119413045000004E-002
   1.0000000000000000E-008   1.2310982500000000E-003  0.59999999999999998        1.0000000000000000E-002   8.0000000000000000        8.0077910126999996E-002
   1.0000000000000000E-008   9.8487860000000000E-004  0.59999999999999998        8.0000000000000002E-003   5.0000000000000000        8.0021689564999998E-002
   1.0000000000000000E-008   6.1554912499999998E-003  0.40000000000000002        5.0000000000000003E-002   5.0000000000000000        7.9884273632000000E-002
   1.0000000000000000E-008   2.4621965000000000E-003  0.20000000000000001        2.0000000000000000E-002   1.0000000000000000        7.9647670694000000E-002
   1.0000000000000000E-008   1.2310982500000000E-003  0.59999999999999998        1.0000000000000000E-002   5.0000000000000000        7.9554466076999994E-002
   1.0000000000000000E-008   2.4621965000000000E-003  0.59999999999999998        2.0000000000000000E-002   10.000000000000000        7.6391969008999999E-002
   1.0000000000000000E-008   2.4621965000000000E-003  0.59999999999999998        2.0000000000000000E-002   8.0000000000000000        7.6341167468000001E-002
   1.0000000000000000E-008   2.4621965000000000E-003  0.59999999999999998        2.0000000000000000E-002   5.0000000000000000        7.5866764951999996E-002
   1.0000000000000001E-009   1.2310982500000001        2.0000000000000000        100.00000000000000        5.0000000000000000        7.4785598561000005E-002
   1.0000000000000001E-009  0.61554912500000003        2.0000000000000000        50.000000000000000        5.0000000000000000        7.4151709021999995E-002
   1.0000000000000000E-008   6.1554912499999998E-003   5.0000000000000003E-002   5.0000000000000003E-002   10.000000000000000        7.3734498391999997E-002
   1.0000000000000000E-008   6.1554912499999998E-003   5.0000000000000003E-002   5.0000000000000003E-002   8.0000000000000000        7.3734387185000000E-002
   1.0000000000000000E-008   6.1554912499999998E-003   5.0000000000000003E-002   5.0000000000000003E-002   5.0000000000000000        7.3733340871000003E-002
   1.0000000000000000E-008   6.1554912499999998E-003   5.0000000000000003E-002   5.0000000000000003E-002   1.0000000000000000        7.2964897606000001E-002
   1.0000000000000001E-009   9.8487860000000000E-003  0.29999999999999999       0.80000000000000004       0.59999999999999998        7.0063384103999996E-002
   1.0000000000000000E-008   6.1554912499999998E-003  0.50000000000000000        5.0000000000000003E-002   10.000000000000000        6.8235509378999998E-002
   1.0000000000000000E-008   6.1554912499999998E-003  0.50000000000000000        5.0000000000000003E-002   8.0000000000000000        6.8207599894999998E-002
   1.0000000000000000E-008   6.1554912499999998E-003   5.0000000000000003E-002   5.0000000000000003E-002  0.59999999999999998        6.8148397686999998E-002
   1.0000000000000000E-008   6.1554912499999998E-003  0.50000000000000000        5.0000000000000003E-002   5.0000000000000000        6.7946196013999996E-002
   1.0000000000000000E-008   6.1554912500009999        5.0000000000000003E-002   50.000000000000000        10.000000000000000        6.6610146167999998E-002
   1.0000000000000000E-008   6.1554912500009999        5.0000000000000003E-002   50.000000000000000        8.0000000000000000        6.6610146159999994E-002
   1.0000000000000000E-008   6.1554912500009999        5.0000000000000003E-002   50.000000000000000        5.0000000000000000        6.6610146078000004E-002
   1.0000000000000000E-008   6.1554912500009999        5.0000000000000003E-002   50.000000000000000        1.0000000000000000        6.6610084493999994E-002
   1.0000000000000000E-008   6.1554912500009999        5.0000000000000003E-002   50.000000000000000       0.59999999999999998        6.6609650852999996E-002
   1.0000000000000000E-008   6.1554912500009999        5.0000000000000003E-002   50.000000000000000       0.29999999999999999        6.6600478700999999E-002
   1.0000000000000000E-008   6.1554912500009999        5.0000000000000003E-002   50.000000000000000       0.20000000000000001        6.6538333434999999E-002
   1.0000000000000001E-009   9.8487860000000000E-003  0.59999999999999998       0.80000000000000004        1.0000000000000000        6.1478360745000002E-002
   1.0000000000000000E-008   6.1554912499999998E-003  0.20000000000000001        5.0000000000000003E-002   1.0000000000000000        5.9781535651000001E-002
   1.0000000000000000E-008   6.1554912499999998E-003  0.59999999999999998        5.0000000000000003E-002   10.000000000000000        5.7667307135999997E-002
   1.0000000000000000E-008   6.1554912499999998E-003  0.59999999999999998        5.0000000000000003E-002   8.0000000000000000        5.7638927727000001E-002
   1.0000000000000001E-009  0.12310982500000001        2.0000000000000000        10.000000000000000        50.000000000000000        5.7509806673999998E-002
   1.0000000000000001E-009  0.12310982500000001        2.0000000000000000        10.000000000000000        100.00000000000000        5.7509806673999998E-002
   1.0000000000000001E-009  0.12310982500000001        2.0000000000000000        10.000000000000000        10.000000000000000        5.7509659996000002E-002
   1.0000000000000001E-009  0.12310982500000001        2.0000000000000000        10.000000000000000        8.0000000000000000        5.7509345851000003E-002
   1.0000000000000000E-008   6.1554912499999998E-003  0.59999999999999998        5.0000000000000003E-002   5.0000000000000000        5.7373361077000001E-002
   1.0000000000000001E-009  0.12310982500000001        2.0000000000000000        10.000000000000000        5.0000000000000000        5.4716216339999998E-002
   1.0000000000000000E-008   1.2310983000000000E-005  0.10000000000000001        1.0000000000000000E-004  0.59999999999999998        5.4240688912999997E-002
   1.0000000000000000E-008   6.1554912999999998E-005  0.10000000000000001        5.0000000000000001E-004  0.59999999999999998        5.4239476533000000E-002
   1.0000000000000000E-008   1.2310982500000000E-004  0.10000000000000001        1.0000000000000000E-003  0.59999999999999998        5.4235688327999999E-002
   1.0000000000000000E-008   2.4621965000000000E-004  0.10000000000000001        2.0000000000000000E-003  0.59999999999999998        5.4220542821000001E-002
   1.0000000000000000E-008   3.6932947500000000E-004  0.10000000000000001        3.0000000000000001E-003  0.59999999999999998        5.4195326283999999E-002
   1.0000000000000000E-008   6.1554912500000000E-004  0.10000000000000001        5.0000000000000001E-003  0.59999999999999998        5.4114850806000002E-002
   1.0000000000000000E-008   9.8487860000000000E-004  0.10000000000000001        8.0000000000000002E-003  0.59999999999999998        5.3920068223000002E-002
   1.0000000000000000E-008   1.2310982500000000E-003  0.10000000000000001        1.0000000000000000E-002  0.59999999999999998        5.3741984394999998E-002
   1.0000000000000000E-008   1.2310983000000000E-005  0.80000000000000004        1.0000000000000000E-004   10.000000000000000        5.2493552215000003E-002
   1.0000000000000000E-008   6.1554912999999998E-005  0.80000000000000004        5.0000000000000001E-004   10.000000000000000        5.2492209338000001E-002
   1.0000000000000000E-008   1.2310982500000000E-004  0.80000000000000004        1.0000000000000000E-003   10.000000000000000        5.2488013298999998E-002
   1.0000000000000000E-008   2.4621965000000000E-004  0.80000000000000004        2.0000000000000000E-003   10.000000000000000        5.2471235961000000E-002
   1.0000000000000000E-008   1.2310983000000000E-005  0.80000000000000004        1.0000000000000000E-004   8.0000000000000000        5.2451874832999998E-002
   1.0000000000000000E-008   6.1554912999999998E-005  0.80000000000000004        5.0000000000000001E-004   8.0000000000000000        5.2450534152000003E-002
   1.0000000000000000E-008   1.2310982500000000E-004  0.80000000000000004        1.0000000000000000E-003   8.0000000000000000        5.2446344975000003E-002
   1.0000000000000000E-008   3.6932947500000000E-004  0.80000000000000004        3.0000000000000001E-003   10.000000000000000        5.2443297962000000E-002
   1.0000000000000000E-008   2.4621965000000000E-004  0.80000000000000004        2.0000000000000000E-003   8.0000000000000000        5.2429595069000003E-002
   1.0000000000000000E-008   3.6932947500000000E-004  0.80000000000000004        3.0000000000000001E-003   8.0000000000000000        5.2401702729999999E-002
   1.0000000000000000E-008   6.1554912500000000E-004  0.80000000000000004        5.0000000000000001E-003   10.000000000000000        5.2354099367000001E-002
   1.0000000000000000E-008   2.4621965000000000E-003  0.10000000000000001        2.0000000000000000E-002  0.59999999999999998        5.2318522201000001E-002
   1.0000000000000000E-008   6.1554912500000000E-004  0.80000000000000004        5.0000000000000001E-003   8.0000000000000000        5.2312649746000001E-002
   1.0000000000000000E-008   9.8487860000000000E-004  0.80000000000000004        8.0000000000000002E-003   10.000000000000000        5.2137965353999997E-002
   1.0000000000000000E-008   9.8487860000000000E-004  0.80000000000000004        8.0000000000000002E-003   8.0000000000000000        5.2096867482000001E-002
   1.0000000000000000E-008   1.2310983000000000E-005  0.80000000000000004        1.0000000000000000E-004   5.0000000000000000        5.2063226644000003E-002
   1.0000000000000000E-008   6.1554912999999998E-005  0.80000000000000004        5.0000000000000001E-004   5.0000000000000000        5.2061906345999998E-002
   1.0000000000000000E-008   1.2310982500000000E-004  0.80000000000000004        1.0000000000000000E-003   5.0000000000000000        5.2057780852000003E-002
   1.0000000000000000E-008   2.4621965000000000E-004  0.80000000000000004        2.0000000000000000E-003   5.0000000000000000        5.2041285526999999E-002
   1.0000000000000000E-008   3.6932947500000000E-004  0.80000000000000004        3.0000000000000001E-003   5.0000000000000000        5.2013816934000000E-002
   1.0000000000000000E-008   1.2310982500000000E-003  0.80000000000000004        1.0000000000000000E-002   10.000000000000000        5.1940061882000003E-002
   1.0000000000000000E-008   6.1554912500000000E-004  0.80000000000000004        5.0000000000000001E-003   5.0000000000000000        5.1926115302000003E-002
   1.0000000000000000E-008   1.2310982500000000E-003  0.80000000000000004        1.0000000000000000E-002   8.0000000000000000        5.1899284757000001E-002
   1.0000000000000000E-008   9.8487860000000000E-004  0.80000000000000004        8.0000000000000002E-003   5.0000000000000000        5.1713597617000000E-002
   1.0000000000000000E-008   1.2310982500000000E-003  0.80000000000000004        1.0000000000000000E-002   5.0000000000000000        5.1518991893999999E-002
   1.0000000000000000E-008   6.1554912500009999        5.0000000000000003E-002   50.000000000000000        1.0000000000000000E-004   5.0366679259000000E-002
   1.0000000000000000E-008   2.4621965000000000E-003  0.80000000000000004        2.0000000000000000E-002   10.000000000000000        5.0348440025000003E-002
   1.0000000000000000E-008   2.4621965000000000E-003  0.80000000000000004        2.0000000000000000E-002   8.0000000000000000        5.0310196130999997E-002
   1.0000000000000000E-008   6.1554912500009999        5.0000000000000003E-002   50.000000000000000        2.0000000000000001E-004   5.0185828005000002E-002
   1.0000000000000000E-008   2.4621965000000000E-003  0.80000000000000004        2.0000000000000000E-002   5.0000000000000000        4.9953420917000002E-002
   1.0000000000000000E-008   6.1554912500009999        5.0000000000000003E-002   50.000000000000000        2.9999999999999997E-004   4.9884420079999998E-002
   1.0000000000000000E-008   6.1554912500009999        5.0000000000000003E-002   50.000000000000000        5.9999999999999995E-004   4.8259826706999999E-002
   1.0000000000000000E-008   1.2310983000000000E-005  0.29999999999999999        1.0000000000000000E-004   1.0000000000000000        4.8166029268000003E-002
   1.0000000000000000E-008   6.1554912999999998E-005  0.29999999999999999        5.0000000000000001E-004   1.0000000000000000        4.8164939412999999E-002
   1.0000000000000000E-008   1.2310982500000000E-004  0.29999999999999999        1.0000000000000000E-003   1.0000000000000000        4.8161533945000001E-002
   1.0000000000000000E-008   2.4621965000000000E-004  0.29999999999999999        2.0000000000000000E-003   1.0000000000000000        4.8147917078999999E-002
   1.0000000000000000E-008   3.6932947500000000E-004  0.29999999999999999        3.0000000000000001E-003   1.0000000000000000        4.8125240072000003E-002
   1.0000000000000000E-008   6.1554912500000000E-004  0.29999999999999999        5.0000000000000001E-003   1.0000000000000000        4.8052822576000000E-002
   1.0000000000000000E-008   9.8487860000000000E-004  0.29999999999999999        8.0000000000000002E-003   1.0000000000000000        4.7877250085000003E-002
   1.0000000000000000E-008   1.2310982500000000E-003  0.29999999999999999        1.0000000000000000E-002   1.0000000000000000        4.7716362319999997E-002
   1.0000000000000000E-008   2.4621965000000000E-003  0.29999999999999999        2.0000000000000000E-002   1.0000000000000000        4.6418089166000001E-002
   1.0000000000000000E-008   6.1554912499999998E-003  0.10000000000000001        5.0000000000000003E-002  0.59999999999999998        4.4570952593999999E-002
   1.0000000000000000E-008   6.1554912500009999        5.0000000000000003E-002   50.000000000000000        1.0000000000000000E-003   4.4473489492000001E-002
   1.0000000000000001E-009   6.1554912500009999        5.0000000000000000        500.00000000000000        100.00000000000000        4.3588025680000003E-002
   1.0000000000000001E-009   6.1554912500009999        5.0000000000000000        500.00000000000000        50.000000000000000        4.3588019461000001E-002
   1.0000000000000001E-009   6.1554912500009999        5.0000000000000000        500.00000000000000        8.0000000000000000        4.3568151059999997E-002
   1.0000000000000001E-009   2.4621965000000000E-003  0.29999999999999999       0.20000000000000001       0.59999999999999998        4.3488503709000002E-002
   1.0000000000000000E-008   6.1554912499999998E-003  0.80000000000000004        5.0000000000000003E-002   10.000000000000000        4.1486478633999999E-002
   1.0000000000000000E-008   6.1554912499999998E-003  0.80000000000000004        5.0000000000000003E-002   8.0000000000000000        4.1460834140000000E-002
   1.0000000000000000E-008   6.1554912499999998E-003  0.80000000000000004        5.0000000000000003E-002   5.0000000000000000        4.1221185706000002E-002
   1.0000000000000000E-008   1.2310982500000000E-002  0.20000000000000001       0.10000000000000001        10.000000000000000        4.0239753253999998E-002
   1.0000000000000000E-008   1.2310982500000000E-002  0.20000000000000001       0.10000000000000001        8.0000000000000000        4.0238356300999999E-002
   1.0000000000000000E-008   1.2310982500000000E-002  0.20000000000000001       0.10000000000000001        5.0000000000000000        4.0225207979999997E-002
   1.0000000000000000E-008   6.1554912499999998E-003  0.29999999999999999        5.0000000000000003E-002   1.0000000000000000        3.9044588603000002E-002
   1.0000000000000000E-008   1.2310982500000000E-002  0.29999999999999999       0.10000000000000001        10.000000000000000        3.8903190024999999E-002
   1.0000000000000000E-008   1.2310982500000000E-002  0.29999999999999999       0.10000000000000001        8.0000000000000000        3.8900141862999997E-002
   1.0000000000000000E-008   1.2310982500000000E-002  0.29999999999999999       0.10000000000000001        5.0000000000000000        3.8871466293000000E-002
   1.0000000000000000E-008   1.2310982500000000E-002  0.40000000000000002       0.10000000000000001        10.000000000000000        3.6647439655000003E-002
   1.0000000000000000E-008   1.2310982500000000E-002  0.40000000000000002       0.10000000000000001        8.0000000000000000        3.6642620121000002E-002
   1.0000000000000000E-008   1.2310982500000000E-002  0.40000000000000002       0.10000000000000001        5.0000000000000000        3.6597307439999997E-002
   1.0000000000000000E-008   1.2310983000000000E-005   1.0000000000000000        1.0000000000000000E-004   10.000000000000000        3.6289104413999997E-002
   1.0000000000000000E-008   6.1554912999999998E-005   1.0000000000000000        5.0000000000000001E-004   10.000000000000000        3.6288463484999998E-002
   1.0000000000000000E-008   1.2310982500000000E-004   1.0000000000000000        1.0000000000000000E-003   10.000000000000000        3.6286460729999997E-002
   1.0000000000000000E-008   2.4621965000000000E-004   1.0000000000000000        2.0000000000000000E-003   10.000000000000000        3.6278451955999998E-002
   1.0000000000000000E-008   3.6932947500000000E-004   1.0000000000000000        3.0000000000000001E-003   10.000000000000000        3.6265111980999999E-002
   1.0000000000000000E-008   1.2310983000000000E-005   1.0000000000000000        1.0000000000000000E-004   8.0000000000000000        3.6258601026000002E-002
   1.0000000000000000E-008   6.1554912999999998E-005   1.0000000000000000        5.0000000000000001E-004   8.0000000000000000        3.6257961205000001E-002
   1.0000000000000000E-008   1.2310982500000000E-004   1.0000000000000000        1.0000000000000000E-003   8.0000000000000000        3.6255961912000000E-002
   1.0000000000000000E-008   2.4621965000000000E-004   1.0000000000000000        2.0000000000000000E-003   8.0000000000000000        3.6247966979999997E-002
   1.0000000000000000E-008   3.6932947500000000E-004   1.0000000000000000        3.0000000000000001E-003   8.0000000000000000        3.6234650053999999E-002
   1.0000000000000000E-008   6.1554912500000000E-004   1.0000000000000000        5.0000000000000001E-003   10.000000000000000        3.6222490987999997E-002
   1.0000000000000000E-008   6.1554912500000000E-004   1.0000000000000000        5.0000000000000001E-003   8.0000000000000000        3.6192102641999999E-002
   1.0000000000000000E-008   9.8487860000000000E-004   1.0000000000000000        8.0000000000000002E-003   10.000000000000000        3.6119027650000003E-002
   1.0000000000000000E-008   9.8487860000000000E-004   1.0000000000000000        8.0000000000000002E-003   8.0000000000000000        3.6088817549999999E-002
   1.0000000000000000E-008   1.2310982500000000E-003   1.0000000000000000        1.0000000000000000E-002   10.000000000000000        3.6024054790000003E-002
   1.0000000000000000E-008   1.2310982500000000E-003   1.0000000000000000        1.0000000000000000E-002   8.0000000000000000        3.5994007840000002E-002
   1.0000000000000000E-008   1.2310983000000000E-005   1.0000000000000000        1.0000000000000000E-004   5.0000000000000000        3.5974291063000000E-002
   1.0000000000000000E-008   6.1554912999999998E-005   1.0000000000000000        5.0000000000000001E-004   5.0000000000000000        3.5973661513999999E-002
   1.0000000000000000E-008   1.2310982500000000E-004   1.0000000000000000        1.0000000000000000E-003   5.0000000000000000        3.5971694319999997E-002
   1.0000000000000000E-008   2.4621965000000000E-004   1.0000000000000000        2.0000000000000000E-003   5.0000000000000000        3.5963827727999997E-002
   1.0000000000000000E-008   3.6932947500000000E-004   1.0000000000000000        3.0000000000000001E-003   5.0000000000000000        3.5950724511000003E-002
   1.0000000000000000E-008   6.1554912500000000E-004   1.0000000000000000        5.0000000000000001E-003   5.0000000000000000        3.5908859351000001E-002
   1.0000000000000000E-008   9.8487860000000000E-004   1.0000000000000000        8.0000000000000002E-003   5.0000000000000000        3.5807227013000001E-002
   1.0000000000000000E-008   1.2310982500000000E-003   1.0000000000000000        1.0000000000000000E-002   5.0000000000000000        3.5713930152000001E-002
   1.0000000000000000E-008   2.4621965000000000E-003   1.0000000000000000        2.0000000000000000E-002   10.000000000000000        3.5251924875000000E-002
   1.0000000000000000E-008   2.4621965000000000E-003   1.0000000000000000        2.0000000000000000E-002   8.0000000000000000        3.5223187743999997E-002
   1.0000000000000000E-008   2.4621965000000000E-003   1.0000000000000000        2.0000000000000000E-002   5.0000000000000000        3.4955257411000001E-002
   1.0000000000000000E-008   1.2310982500000000E-002  0.50000000000000000       0.10000000000000001        10.000000000000000        3.3949862449000001E-002
   1.0000000000000000E-008   1.2310982500000000E-002  0.50000000000000000       0.10000000000000001        8.0000000000000000        3.3943404472999997E-002
   1.0000000000000000E-008   1.2310982500000000E-002  0.50000000000000000       0.10000000000000001        5.0000000000000000        3.3882727135999997E-002
   1.0000000000000000E-008   1.2310982500000000E-002  0.20000000000000001       0.10000000000000001        1.0000000000000000        3.2302988648999997E-002
   1.0000000000000000E-008   6.1554912499999998E-003   5.0000000000000003E-002   5.0000000000000003E-002  0.29999999999999999        3.2135805729000003E-002
   1.0000000000000000E-008   1.2310982500000000E-002  0.59999999999999998       0.10000000000000001        10.000000000000000        3.1082307500000000E-002
   1.0000000000000000E-008   1.2310982500000000E-002  0.59999999999999998       0.10000000000000001        8.0000000000000000        3.1074503241000001E-002
   1.0000000000000000E-008   1.2310982500000000E-002  0.59999999999999998       0.10000000000000001        5.0000000000000000        3.1001226170000000E-002
   1.0000000000000000E-008   6.1554912499999998E-003   1.0000000000000000        5.0000000000000003E-002   10.000000000000000        3.0663267415999999E-002
   1.0000000000000000E-008   6.1554912499999998E-003   1.0000000000000000        5.0000000000000003E-002   8.0000000000000000        3.0641701308000001E-002
   1.0000000000000000E-008   6.1554912499999998E-003   1.0000000000000000        5.0000000000000003E-002   5.0000000000000000        3.0440347890999999E-002
   1.0000000000000001E-009   6.1554912500009999        5.0000000000000000        500.00000000000000        10.000000000000000        2.9767508362000001E-002
   1.0000000000000000E-008   6.1554912500009999        5.0000000000000003E-002   50.000000000000000        2.0000000000000000E-003   2.9682341365999999E-002
   1.0000000000000000E-008   1.2310982500000000E-002  0.10000000000000001       0.10000000000000001        10.000000000000000        2.9052183315999999E-002
   1.0000000000000000E-008   1.2310982500000000E-002  0.10000000000000001       0.10000000000000001        8.0000000000000000        2.9052127350000002E-002
   1.0000000000000000E-008   1.2310982500000000E-002  0.10000000000000001       0.10000000000000001        5.0000000000000000        2.9051600396000000E-002
   1.0000000000000000E-008   1.2310982500000000E-002  0.10000000000000001       0.10000000000000001        1.0000000000000000        2.8656624432000000E-002
   1.0000000000000001E-009   4.9243930000000000E-003  0.29999999999999999       0.40000000000000002       0.59999999999999998        2.7010612037999999E-002
   1.0000000000000000E-008   1.2310982500000000E-002  0.10000000000000001       0.10000000000000001       0.59999999999999998        2.6076655056000000E-002
   1.0000000000000000E-008   1.2310982500000000E-002  0.80000000000000004       0.10000000000000001        10.000000000000000        2.5615775465999999E-002
   1.0000000000000000E-008   1.2310982500000000E-002  0.80000000000000004       0.10000000000000001        8.0000000000000000        2.5606345985000001E-002
   1.0000000000000000E-008   1.2310982500000000E-002  0.80000000000000004       0.10000000000000001        5.0000000000000000        2.5517922589999999E-002
   1.0000000000000000E-008   1.2310982500000000E-002  0.29999999999999999       0.10000000000000001        1.0000000000000000        2.5186016679999999E-002
   1.0000000000000001E-009   1.2310982500000000E-002  0.40000000000000002        1.0000000000000000        8.0000000000000000        2.1199964301000001E-002
   1.0000000000000001E-009   1.2310982500000000E-002  0.40000000000000002        1.0000000000000000        10.000000000000000        2.1199964301000001E-002
   1.0000000000000001E-009   1.2310982500000000E-002  0.40000000000000002        1.0000000000000000        50.000000000000000        2.1199964301000001E-002
   1.0000000000000001E-009   1.2310982500000000E-002  0.40000000000000002        1.0000000000000000        100.00000000000000        2.1199964301000001E-002
   1.0000000000000001E-009   1.2310982500000000E-002  0.40000000000000002        1.0000000000000000        5.0000000000000000        2.1199964301000001E-002
   1.0000000000000001E-009   1.2310982500000000E-002  0.40000000000000002        1.0000000000000000       0.59999999999999998        2.1198508309000001E-002
   1.0000000000000000E-008   1.2310982500000000E-002   1.0000000000000000       0.10000000000000001        10.000000000000000        2.0999863923999999E-002
   1.0000000000000000E-008   1.2310982500000000E-002   1.0000000000000000       0.10000000000000001        8.0000000000000000        2.0990002798000000E-002
   1.0000000000000000E-008   1.2310982500000000E-002   1.0000000000000000       0.10000000000000001        5.0000000000000000        2.0897633323000001E-002
   1.0000000000000001E-009   1.2310982500000000E-002  0.40000000000000002        1.0000000000000000        1.0000000000000000        2.0574795002000001E-002
   1.0000000000000000E-008   1.2310982500000000E-002  0.40000000000000002       0.10000000000000001        1.0000000000000000        1.9341404978999999E-002
   1.0000000000000001E-009   2.4621965000000000E-003   2.0000000000000000       0.20000000000000001        5.0000000000000000        1.9081772213000000E-002
   1.0000000000000000E-008   6.1554912500009999       0.10000000000000001        50.000000000000000        10.000000000000000        1.8553313628000001E-002
   1.0000000000000000E-008   6.1554912500009999       0.10000000000000001        50.000000000000000        8.0000000000000000        1.8553313620000001E-002
   1.0000000000000000E-008   6.1554912500009999       0.10000000000000001        50.000000000000000        5.0000000000000000        1.8553313536999998E-002
   1.0000000000000000E-008   6.1554912500009999       0.10000000000000001        50.000000000000000        1.0000000000000000        1.8553247161999999E-002
   1.0000000000000000E-008   6.1554912500009999       0.10000000000000001        50.000000000000000       0.59999999999999998        1.8552706275999999E-002
   1.0000000000000000E-008   6.1554912500009999       0.10000000000000001        50.000000000000000       0.29999999999999999        1.8524775601000000E-002
   1.0000000000000001E-009   6.1554912499999998E-003  0.20000000000000001       0.50000000000000000        5.0000000000000000        1.8487074244000000E-002
   1.0000000000000001E-009   6.1554912499999998E-003  0.20000000000000001       0.50000000000000000        8.0000000000000000        1.8487074244000000E-002
   1.0000000000000001E-009   6.1554912499999998E-003  0.20000000000000001       0.50000000000000000        10.000000000000000        1.8487074244000000E-002
   1.0000000000000001E-009   6.1554912499999998E-003  0.20000000000000001       0.50000000000000000        50.000000000000000        1.8487074244000000E-002
   1.0000000000000001E-009   6.1554912499999998E-003  0.20000000000000001       0.50000000000000000        100.00000000000000        1.8487074244000000E-002
   1.0000000000000001E-009   6.1554912499999998E-003  0.20000000000000001       0.50000000000000000        1.0000000000000000        1.8487063381000000E-002
   1.0000000000000001E-009   6.1554912499999998E-003  0.20000000000000001       0.50000000000000000       0.59999999999999998        1.8486860979999999E-002
   1.0000000000000001E-009   6.1554912499999998E-003  0.20000000000000001       0.50000000000000000       0.29999999999999999        1.8485939015000001E-002
   1.0000000000000000E-008   1.2310983000000000E-005  0.20000000000000001        1.0000000000000000E-004  0.59999999999999998        1.8422380437999999E-002
   1.0000000000000000E-008   6.1554912999999998E-005  0.20000000000000001        5.0000000000000001E-004  0.59999999999999998        1.8422225125999999E-002
   1.0000000000000000E-008   1.2310982500000000E-004  0.20000000000000001        1.0000000000000000E-003  0.59999999999999998        1.8421739797000000E-002
   1.0000000000000000E-008   2.4621965000000000E-004  0.20000000000000001        2.0000000000000000E-003  0.59999999999999998        1.8419798793000000E-002
   1.0000000000000000E-008   3.6932947500000000E-004  0.20000000000000001        3.0000000000000001E-003  0.59999999999999998        1.8416564888999998E-002
   1.0000000000000000E-008   6.1554912500000000E-004  0.20000000000000001        5.0000000000000001E-003  0.59999999999999998        1.8406225655999999E-002
   1.0000000000000000E-008   9.8487860000000000E-004  0.20000000000000001        8.0000000000000002E-003  0.59999999999999998        1.8381082731999999E-002
   1.0000000000000000E-008   1.2310982500000000E-003  0.20000000000000001        1.0000000000000000E-002  0.59999999999999998        1.8357947788000002E-002
   1.0000000000000000E-008   1.2310983000000000E-005   5.0000000000000003E-002   1.0000000000000000E-004   1.0000000000000000E-004   1.8242457359000000E-002
   1.0000000000000000E-008   6.1554912999999998E-005   5.0000000000000003E-002   5.0000000000000001E-004   1.0000000000000000E-004   1.8241883394000000E-002
   1.0000000000000000E-008   1.2310982500000000E-004   5.0000000000000003E-002   1.0000000000000000E-003   1.0000000000000000E-004   1.8240089758999999E-002
   1.0000000000000000E-008   2.4621965000000000E-004   5.0000000000000003E-002   2.0000000000000000E-003   1.0000000000000000E-004   1.8232915249999999E-002
   1.0000000000000000E-008   3.6932947500000000E-004   5.0000000000000003E-002   3.0000000000000001E-003   1.0000000000000000E-004   1.8220957837000000E-002
   1.0000000000000000E-008   6.1554912500000000E-004   5.0000000000000003E-002   5.0000000000000001E-003   1.0000000000000000E-004   1.8182694352000001E-002
   1.0000000000000000E-008   2.4621965000000000E-003  0.20000000000000001        2.0000000000000000E-002  0.59999999999999998        1.8167870433999998E-002
   1.0000000000000000E-008   9.8487860000000000E-004   5.0000000000000003E-002   8.0000000000000002E-003   1.0000000000000000E-004   1.8089419041000001E-002
   1.0000000000000000E-008   1.2310983000000000E-005   5.0000000000000003E-002   1.0000000000000000E-004   2.0000000000000001E-004   1.8039896526000000E-002
   1.0000000000000000E-008   6.1554912999999998E-005   5.0000000000000003E-002   5.0000000000000001E-004   2.0000000000000001E-004   1.8039329515999999E-002
   1.0000000000000000E-008   1.2310982500000000E-004   5.0000000000000003E-002   1.0000000000000000E-003   2.0000000000000001E-004   1.8037557611999998E-002
   1.0000000000000000E-008   2.4621965000000000E-004   5.0000000000000003E-002   2.0000000000000000E-003   2.0000000000000001E-004   1.8030470045999999E-002
   1.0000000000000000E-008   3.6932947500000000E-004   5.0000000000000003E-002   3.0000000000000001E-003   2.0000000000000001E-004   1.8018657590000001E-002
   1.0000000000000000E-008   1.2310982500000000E-003   5.0000000000000003E-002   1.0000000000000000E-002   1.0000000000000000E-004   1.8003290561000002E-002
   1.0000000000000000E-008   6.1554912500000000E-004   5.0000000000000003E-002   5.0000000000000001E-003   2.0000000000000001E-004   1.7980858435000000E-002
   1.0000000000000000E-008   9.8487860000000000E-004   5.0000000000000003E-002   8.0000000000000002E-003   2.0000000000000001E-004   1.7888718091999999E-002
   1.0000000000000001E-009  0.12310982500000001        10.000000000000000        10.000000000000000        100.00000000000000        1.7826086404000002E-002
   1.0000000000000001E-009  0.12310982500000001        10.000000000000000        10.000000000000000        50.000000000000000        1.7826086404000002E-002
   1.0000000000000000E-008   1.2310982500000000E-003   5.0000000000000003E-002   1.0000000000000000E-002   2.0000000000000001E-004   1.7803641621000000E-002
   1.0000000000000000E-008   1.2310983000000000E-005   5.0000000000000003E-002   1.0000000000000000E-004   2.9999999999999997E-004   1.7709639930999999E-002
   1.0000000000000000E-008   6.1554912999999998E-005   5.0000000000000003E-002   5.0000000000000001E-004   2.9999999999999997E-004   1.7709084258000000E-002
   1.0000000000000000E-008   1.2310982500000000E-004   5.0000000000000003E-002   1.0000000000000000E-003   2.9999999999999997E-004   1.7707347783999999E-002
   1.0000000000000000E-008   2.4621965000000000E-004   5.0000000000000003E-002   2.0000000000000000E-003   2.9999999999999997E-004   1.7700401960000001E-002
   1.0000000000000000E-008   3.6932947500000000E-004   5.0000000000000003E-002   3.0000000000000001E-003   2.9999999999999997E-004   1.7688825827000002E-002
   1.0000000000000000E-008   6.1554912500000000E-004   5.0000000000000003E-002   5.0000000000000001E-003   2.9999999999999997E-004   1.7651783625999999E-002
   1.0000000000000000E-008   9.8487860000000000E-004   5.0000000000000003E-002   8.0000000000000002E-003   2.9999999999999997E-004   1.7561493306000001E-002
   1.0000000000000000E-008   1.2310982500000000E-003   5.0000000000000003E-002   1.0000000000000000E-002   2.9999999999999997E-004   1.7478131357999999E-002
   1.0000000000000000E-008   2.4621965000000000E-003   5.0000000000000003E-002   2.0000000000000000E-002   1.0000000000000000E-004   1.7281878922000001E-002
   1.0000000000000000E-008   6.1554912500009999       0.10000000000000001        50.000000000000000        1.0000000000000000E-004   1.7200962201000002E-002
   1.0000000000000000E-008   6.1554912500009999       0.10000000000000001        50.000000000000000        2.0000000000000001E-004   1.7191861868000001E-002
   1.0000000000000000E-008   6.1554912500009999       0.10000000000000001        50.000000000000000        2.9999999999999997E-004   1.7176639883999999E-002
   1.0000000000000000E-008   2.4621965000000000E-003   5.0000000000000003E-002   2.0000000000000000E-002  0.29999999999999999        1.7161405740999999E-002
   1.0000000000000000E-008   6.1554912500009999       0.10000000000000001        50.000000000000000        5.9999999999999995E-004   1.7093277240000000E-002
   1.0000000000000000E-008   2.4621965000000000E-003   5.0000000000000003E-002   2.0000000000000000E-002   2.0000000000000001E-004   1.7091211068000000E-002
   1.0000000000000000E-008   6.1554912499999998E-003  0.20000000000000001        5.0000000000000003E-002  0.59999999999999998        1.6959682871000002E-002
   1.0000000000000000E-008   6.1554912500009999       0.10000000000000001        50.000000000000000        1.0000000000000000E-003   1.6888172747000000E-002
   1.0000000000000000E-008   2.4621965000000000E-003   5.0000000000000003E-002   2.0000000000000000E-002   2.9999999999999997E-004   1.6780326660999999E-002
   1.0000000000000000E-008   1.2310982500000000E-003   5.0000000000000003E-002   1.0000000000000000E-002  0.29999999999999999        1.6687589379000001E-002
   1.0000000000000000E-008   9.8487860000000000E-004   5.0000000000000003E-002   8.0000000000000002E-003  0.29999999999999999        1.6637283528999999E-002
   1.0000000000000000E-008   6.1554912500000000E-004   5.0000000000000003E-002   5.0000000000000001E-003  0.29999999999999999        1.6584232628999999E-002
   1.0000000000000000E-008   3.6932947500000000E-004   5.0000000000000003E-002   3.0000000000000001E-003  0.29999999999999999        1.6562894665000001E-002
   1.0000000000000000E-008   2.4621965000000000E-004   5.0000000000000003E-002   2.0000000000000000E-003  0.29999999999999999        1.6556276764000000E-002
   1.0000000000000000E-008   1.2310982500000000E-004   5.0000000000000003E-002   1.0000000000000000E-003  0.29999999999999999        1.6552317439999999E-002
   1.0000000000000000E-008   6.1554912999999998E-005   5.0000000000000003E-002   5.0000000000000001E-004  0.29999999999999999        1.6551328944000000E-002
   1.0000000000000000E-008   1.2310983000000000E-005   5.0000000000000003E-002   1.0000000000000000E-004  0.29999999999999999        1.6551012737999998E-002
   1.0000000000000000E-008   1.2310983000000000E-005   5.0000000000000003E-002   1.0000000000000000E-004   5.9999999999999995E-004   1.6072458364000002E-002
   1.0000000000000000E-008   6.1554912999999998E-005   5.0000000000000003E-002   5.0000000000000001E-004   5.9999999999999995E-004   1.6071958845000001E-002
   1.0000000000000000E-008   1.2310982500000000E-004   5.0000000000000003E-002   1.0000000000000000E-003   5.9999999999999995E-004   1.6070397859999998E-002
   1.0000000000000000E-008   2.4621965000000000E-004   5.0000000000000003E-002   2.0000000000000000E-003   5.9999999999999995E-004   1.6064154090000001E-002
   1.0000000000000000E-008   3.6932947500000000E-004   5.0000000000000003E-002   3.0000000000000001E-003   5.9999999999999995E-004   1.6053748392000002E-002
   1.0000000000000000E-008   6.1554912500000000E-004   5.0000000000000003E-002   5.0000000000000001E-003   5.9999999999999995E-004   1.6020454595999999E-002
   1.0000000000000000E-008   9.8487860000000000E-004   5.0000000000000003E-002   8.0000000000000002E-003   5.9999999999999995E-004   1.5939321693000000E-002
   1.0000000000000000E-008   1.2310982500000000E-003   5.0000000000000003E-002   1.0000000000000000E-002   5.9999999999999995E-004   1.5864441557000002E-002
   1.0000000000000000E-008   6.1554912500009999       0.10000000000000001        50.000000000000000        2.0000000000000000E-003   1.5813112925000001E-002
   1.0000000000000001E-009   6.1554912500009999        8.0000000000000000        500.00000000000000        100.00000000000000        1.5506380570999999E-002
   1.0000000000000001E-009   6.1554912500009999        8.0000000000000000        500.00000000000000        50.000000000000000        1.5506374345999999E-002
   1.0000000000000000E-008   2.4621965000000000E-003   5.0000000000000003E-002   2.0000000000000000E-002   5.9999999999999995E-004   1.5238792664000000E-002
   1.0000000000000000E-008   1.2310982500000001        5.0000000000000003E-002   10.000000000000000        10.000000000000000        1.4419829887000000E-002
   1.0000000000000000E-008   1.2310982500000001        5.0000000000000003E-002   10.000000000000000        8.0000000000000000        1.4419829885999999E-002
   1.0000000000000000E-008   1.2310982500000001        5.0000000000000003E-002   10.000000000000000        5.0000000000000000        1.4419829883000000E-002
   1.0000000000000000E-008   1.2310982500000001        5.0000000000000003E-002   10.000000000000000        1.0000000000000000        1.4419827432000000E-002
   1.0000000000000000E-008   1.2310982500000001        5.0000000000000003E-002   10.000000000000000       0.59999999999999998        1.4419810179000001E-002
   1.0000000000000000E-008   1.2310982500000001        5.0000000000000003E-002   10.000000000000000       0.29999999999999999        1.4419445851000001E-002
   1.0000000000000000E-008   1.2310982500000001        5.0000000000000003E-002   10.000000000000000       0.20000000000000001        1.4416986485000000E-002
   1.0000000000000000E-008  0.12310982500000001        5.0000000000000003E-002   1.0000000000000000        10.000000000000000        1.4138921792000001E-002
   1.0000000000000000E-008  0.12310982500000001        5.0000000000000003E-002   1.0000000000000000        5.0000000000000000        1.4138921792000001E-002
   1.0000000000000000E-008  0.12310982500000001        5.0000000000000003E-002   1.0000000000000000        8.0000000000000000        1.4138921792000001E-002
   1.0000000000000000E-008  0.12310982500000001        5.0000000000000003E-002   1.0000000000000000        1.0000000000000000        1.4138919437000000E-002
   1.0000000000000000E-008  0.12310982500000001        5.0000000000000003E-002   1.0000000000000000       0.59999999999999998        1.4138902884000000E-002
   1.0000000000000000E-008  0.12310982500000001        5.0000000000000003E-002   1.0000000000000000       0.29999999999999999        1.4138553353999999E-002
   1.0000000000000000E-008  0.12310982500000001        5.0000000000000003E-002   1.0000000000000000       0.20000000000000001        1.4136193999000001E-002
   1.0000000000000000E-008   6.1554912499999998E-003  0.40000000000000002        5.0000000000000003E-002   1.0000000000000000        1.4108132496000000E-002
   1.0000000000000000E-008   9.8487859999999997E-002   5.0000000000000003E-002  0.80000000000000004        5.0000000000000000        1.3980422023000001E-002
   1.0000000000000000E-008   9.8487859999999997E-002   5.0000000000000003E-002  0.80000000000000004        8.0000000000000000        1.3980422023000001E-002
   1.0000000000000000E-008   9.8487859999999997E-002   5.0000000000000003E-002  0.80000000000000004        10.000000000000000        1.3980422023000001E-002
   1.0000000000000000E-008   9.8487859999999997E-002   5.0000000000000003E-002  0.80000000000000004        1.0000000000000000        1.3980419722999999E-002
   1.0000000000000000E-008   9.8487859999999997E-002   5.0000000000000003E-002  0.80000000000000004       0.59999999999999998        1.3980403559000000E-002
   1.0000000000000000E-008   9.8487859999999997E-002   5.0000000000000003E-002  0.80000000000000004       0.29999999999999999        1.3980062235000000E-002
   1.0000000000000000E-008   9.8487859999999997E-002   5.0000000000000003E-002  0.80000000000000004       0.20000000000000001        1.3977758349000001E-002
   1.0000000000000000E-008   1.2310982500000000E-002  0.20000000000000001       0.10000000000000001       0.59999999999999998        1.3848064538000001E-002
   1.0000000000000000E-008   1.2310982500000001        5.0000000000000003E-002   10.000000000000000        1.0000000000000000E-004   1.3584263286000001E-002
   1.0000000000000000E-008   1.2310982500000001        5.0000000000000003E-002   10.000000000000000        2.0000000000000001E-004   1.3572457669000001E-002
   1.0000000000000000E-008   1.2310982500000001        5.0000000000000003E-002   10.000000000000000        2.9999999999999997E-004   1.3552628715000001E-002
   1.0000000000000000E-008   1.2310983000000000E-005  0.10000000000000001        1.0000000000000000E-004   1.0000000000000000E-004   1.3483616269000000E-002
   1.0000000000000000E-008   6.1554912999999998E-005  0.10000000000000001        5.0000000000000001E-004   1.0000000000000000E-004   1.3483512794000001E-002
   1.0000000000000000E-008   1.2310982500000000E-004  0.10000000000000001        1.0000000000000000E-003   1.0000000000000000E-004   1.3483189425000000E-002
   1.0000000000000000E-008   2.4621965000000000E-004  0.10000000000000001        2.0000000000000000E-003   1.0000000000000000E-004   1.3481895799000001E-002
   1.0000000000000000E-008   3.6932947500000000E-004  0.10000000000000001        3.0000000000000001E-003   1.0000000000000000E-004   1.3479739231000000E-002
   1.0000000000000000E-008   6.1554912500000000E-004  0.10000000000000001        5.0000000000000001E-003   1.0000000000000000E-004   1.3472833777000001E-002
   1.0000000000000000E-008   9.8487860000000000E-004  0.10000000000000001        8.0000000000000002E-003   1.0000000000000000E-004   1.3455973140000001E-002
   1.0000000000000000E-008   1.2310982500000001        5.0000000000000003E-002   10.000000000000000        5.9999999999999995E-004   1.3442333303000001E-002
   1.0000000000000000E-008   1.2310982500000000E-003  0.10000000000000001        1.0000000000000000E-002   1.0000000000000000E-004   1.3440372961000001E-002
   1.0000000000000000E-008   1.2310983000000000E-005  0.10000000000000001        1.0000000000000000E-004   2.0000000000000001E-004   1.3420763784000001E-002
   1.0000000000000000E-008   6.1554912999999998E-005  0.10000000000000001        5.0000000000000001E-004   2.0000000000000001E-004   1.3420660702000001E-002
   1.0000000000000000E-008   1.2310982500000000E-004  0.10000000000000001        1.0000000000000000E-003   2.0000000000000001E-004   1.3420338562000001E-002
   1.0000000000000000E-008   2.4621965000000000E-004  0.10000000000000001        2.0000000000000000E-003   2.0000000000000001E-004   1.3419049858000000E-002
   1.0000000000000000E-008   3.6932947500000000E-004  0.10000000000000001        3.0000000000000001E-003   2.0000000000000001E-004   1.3416901498000001E-002
   1.0000000000000000E-008   6.1554912500000000E-004  0.10000000000000001        5.0000000000000001E-003   2.0000000000000001E-004   1.3410022372000001E-002
   1.0000000000000000E-008   9.8487860000000000E-004  0.10000000000000001        8.0000000000000002E-003   2.0000000000000001E-004   1.3393226313000000E-002
   1.0000000000000000E-008   1.2310982500000000E-003  0.10000000000000001        1.0000000000000000E-002   2.0000000000000001E-004   1.3377686252999999E-002
   1.0000000000000000E-008  0.12310982500000001        5.0000000000000003E-002   1.0000000000000000        1.0000000000000000E-004   1.3336019523000000E-002
   1.0000000000000000E-008  0.12310982500000001        5.0000000000000003E-002   1.0000000000000000        2.0000000000000001E-004   1.3324660056000000E-002
   1.0000000000000000E-008   1.2310983000000000E-005  0.10000000000000001        1.0000000000000000E-004   2.9999999999999997E-004   1.3316965603000001E-002
   1.0000000000000000E-008   6.1554912999999998E-005  0.10000000000000001        5.0000000000000001E-004   2.9999999999999997E-004   1.3316863174000000E-002
   1.0000000000000000E-008   1.2310982500000000E-004  0.10000000000000001        1.0000000000000000E-003   2.9999999999999997E-004   1.3316543076000000E-002
   1.0000000000000000E-008   2.4621965000000000E-004  0.10000000000000001        2.0000000000000000E-003   2.9999999999999997E-004   1.3315262541000000E-002
   1.0000000000000000E-008   3.6932947500000000E-004  0.10000000000000001        3.0000000000000001E-003   2.9999999999999997E-004   1.3313127810000000E-002
   1.0000000000000000E-008   2.4621965000000000E-003  0.10000000000000001        2.0000000000000000E-002   1.0000000000000000E-004   1.3308928960000001E-002
   1.0000000000000000E-008   6.1554912500000000E-004  0.10000000000000001        5.0000000000000001E-003   2.9999999999999997E-004   1.3306292398000000E-002
   1.0000000000000000E-008  0.12310982500000001        5.0000000000000003E-002   1.0000000000000000        2.9999999999999997E-004   1.3305579511000001E-002
   1.0000000000000000E-008   6.1554912500000003E-002   5.0000000000000003E-002  0.50000000000000000        10.000000000000000        1.3302910116999999E-002
   1.0000000000000000E-008   6.1554912500000003E-002   5.0000000000000003E-002  0.50000000000000000        5.0000000000000000        1.3302910116999999E-002
   1.0000000000000000E-008   6.1554912500000003E-002   5.0000000000000003E-002  0.50000000000000000        8.0000000000000000        1.3302910116999999E-002
   1.0000000000000000E-008   6.1554912500000003E-002   5.0000000000000003E-002  0.50000000000000000        1.0000000000000000        1.3302908045999999E-002
   1.0000000000000000E-008   6.1554912500000003E-002   5.0000000000000003E-002  0.50000000000000000       0.59999999999999998        1.3302893487999999E-002
   1.0000000000000000E-008   6.1554912500000003E-002   5.0000000000000003E-002  0.50000000000000000       0.29999999999999999        1.3302586090000000E-002
   1.0000000000000000E-008   6.1554912500000003E-002   5.0000000000000003E-002  0.50000000000000000       0.20000000000000001        1.3300511479000000E-002
   1.0000000000000000E-008   9.8487860000000000E-004  0.10000000000000001        8.0000000000000002E-003   2.9999999999999997E-004   1.3289603543000000E-002
   1.0000000000000000E-008   1.2310982500000000E-003  0.10000000000000001        1.0000000000000000E-002   2.9999999999999997E-004   1.3274163273000000E-002
   1.0000000000000000E-008   2.4621965000000000E-003  0.10000000000000001        2.0000000000000000E-002   2.0000000000000001E-004   1.3246762964000000E-002
   1.0000000000000000E-008  0.12310982500000001        5.0000000000000003E-002   1.0000000000000000        5.9999999999999995E-004   1.3199425185000000E-002
   1.0000000000000000E-008   9.8487859999999997E-002   5.0000000000000003E-002  0.80000000000000004        1.0000000000000000E-004   1.3195668246999999E-002
   1.0000000000000000E-008   9.8487859999999997E-002   5.0000000000000003E-002  0.80000000000000004        2.0000000000000001E-004   1.3184557066000000E-002
   1.0000000000000000E-008   9.8487859999999997E-002   5.0000000000000003E-002  0.80000000000000004        2.9999999999999997E-004   1.3165893041000000E-002
   1.0000000000000000E-008   1.2310982500000001        5.0000000000000003E-002   10.000000000000000        1.0000000000000000E-003   1.3160774219000001E-002
   1.0000000000000000E-008   2.4621965000000000E-003  0.10000000000000001        2.0000000000000000E-002   2.9999999999999997E-004   1.3144103823999999E-002
   1.0000000000000000E-008   9.8487859999999997E-002   5.0000000000000003E-002  0.80000000000000004        5.9999999999999995E-004   1.3062043968000000E-002
   1.0000000000000000E-008   1.2310983000000000E-005   5.0000000000000003E-002   1.0000000000000000E-004   1.0000000000000000E-003   1.2988955062000001E-002
   1.0000000000000000E-008   6.1554912999999998E-005   5.0000000000000003E-002   5.0000000000000001E-004   1.0000000000000000E-003   1.2988560676999999E-002
   1.0000000000000000E-008   1.2310982500000000E-004   5.0000000000000003E-002   1.0000000000000000E-003   1.0000000000000000E-003   1.2987328241999999E-002
   1.0000000000000000E-008   2.4621965000000000E-004   5.0000000000000003E-002   2.0000000000000000E-003   1.0000000000000000E-003   1.2982398769000000E-002
   1.0000000000000000E-008   3.6932947500000000E-004   5.0000000000000003E-002   3.0000000000000001E-003   1.0000000000000000E-003   1.2974183928000000E-002
   1.0000000000000000E-008   6.1554912500000000E-004   5.0000000000000003E-002   5.0000000000000001E-003   1.0000000000000000E-003   1.2947904059999999E-002
   1.0000000000000000E-008  0.12310982500000001        5.0000000000000003E-002   1.0000000000000000        1.0000000000000000E-003   1.2928269971000000E-002
   1.0000000000000000E-008   9.8487860000000000E-004   5.0000000000000003E-002   8.0000000000000002E-003   1.0000000000000000E-003   1.2883890425999999E-002
   1.0000000000000000E-008   1.2310982500000000E-003   5.0000000000000003E-002   1.0000000000000000E-002   1.0000000000000000E-003   1.2824846044000001E-002
   1.0000000000000000E-008   9.8487859999999997E-002   5.0000000000000003E-002  0.80000000000000004        1.0000000000000000E-003   1.2796684325000000E-002
   1.0000000000000000E-008   1.2310983000000000E-005  0.10000000000000001        1.0000000000000000E-004   5.9999999999999995E-004   1.2776408409000000E-002
   1.0000000000000000E-008   6.1554912999999998E-005  0.10000000000000001        5.0000000000000001E-004   5.9999999999999995E-004   1.2776309452000000E-002
   1.0000000000000000E-008   1.2310982500000000E-004  0.10000000000000001        1.0000000000000000E-003   5.9999999999999995E-004   1.2776000201999999E-002
   1.0000000000000000E-008   2.4621965000000000E-004  0.10000000000000001        2.0000000000000000E-003   5.9999999999999995E-004   1.2774763079000001E-002
   1.0000000000000000E-008   3.6932947500000000E-004  0.10000000000000001        3.0000000000000001E-003   5.9999999999999995E-004   1.2772700761999999E-002
   1.0000000000000000E-008   6.1554912500000000E-004  0.10000000000000001        5.0000000000000001E-003   5.9999999999999995E-004   1.2766097585000000E-002
   1.0000000000000000E-008   9.8487860000000000E-004  0.10000000000000001        8.0000000000000002E-003   5.9999999999999995E-004   1.2749978085000000E-002
   1.0000000000000000E-008   1.2310982500000000E-003  0.10000000000000001        1.0000000000000000E-002   5.9999999999999995E-004   1.2735067540000001E-002
   1.0000000000000000E-008   4.9243929999999998E-002   5.0000000000000003E-002  0.40000000000000002        1.0000000000000000        1.2691050396999999E-002
   1.0000000000000000E-008   4.9243929999999998E-002   5.0000000000000003E-002  0.40000000000000002        5.0000000000000000        1.2691050396999999E-002
   1.0000000000000000E-008   4.9243929999999998E-002   5.0000000000000003E-002  0.40000000000000002        8.0000000000000000        1.2691050396999999E-002
   1.0000000000000000E-008   4.9243929999999998E-002   5.0000000000000003E-002  0.40000000000000002        10.000000000000000        1.2691050396999999E-002
   1.0000000000000000E-008   4.9243929999999998E-002   5.0000000000000003E-002  0.40000000000000002       0.59999999999999998        1.2691035337000001E-002
   1.0000000000000000E-008   4.9243929999999998E-002   5.0000000000000003E-002  0.40000000000000002       0.29999999999999999        1.2690756976999999E-002
   1.0000000000000000E-008   4.9243929999999998E-002   5.0000000000000003E-002  0.40000000000000002       0.20000000000000001        1.2688878573000001E-002
   1.0000000000000000E-008   2.4621965000000000E-003  0.10000000000000001        2.0000000000000000E-002   5.9999999999999995E-004   1.2609583753000000E-002
   1.0000000000000000E-008   6.1554912500000003E-002   5.0000000000000003E-002  0.50000000000000000        1.0000000000000000E-004   1.2593431873000001E-002
   1.0000000000000000E-008   6.1554912500000003E-002   5.0000000000000003E-002  0.50000000000000000        2.0000000000000001E-004   1.2583353655999999E-002
   1.0000000000000000E-008   6.1554912500000003E-002   5.0000000000000003E-002  0.50000000000000000        2.9999999999999997E-004   1.2566422706000000E-002
   1.0000000000000000E-008   6.1554912500000003E-002   5.0000000000000003E-002  0.50000000000000000        5.9999999999999995E-004   1.2472169868000000E-002
   1.0000000000000000E-008   2.4621965000000000E-003   5.0000000000000003E-002   2.0000000000000000E-002   1.0000000000000000E-003   1.2333074797000000E-002
   1.0000000000000000E-008   6.1554912499999998E-003  0.10000000000000001        5.0000000000000003E-002   1.0000000000000000E-004   1.2294301088000000E-002
   1.0000000000000000E-008   6.1554912499999998E-003  0.10000000000000001        5.0000000000000003E-002   2.0000000000000001E-004   1.2236965032999999E-002
   1.0000000000000000E-008   6.1554912500000003E-002   5.0000000000000003E-002  0.50000000000000000        1.0000000000000000E-003   1.2230971021000001E-002
   1.0000000000000000E-008   2.4621964999999999E-002  0.29999999999999999       0.20000000000000001        10.000000000000000        1.2154286681000000E-002
   1.0000000000000000E-008   2.4621964999999999E-002  0.29999999999999999       0.20000000000000001        8.0000000000000000        1.2154069614000000E-002
   1.0000000000000000E-008   2.4621964999999999E-002  0.29999999999999999       0.20000000000000001        5.0000000000000000        1.2152020015999999E-002
   1.0000000000000000E-008   6.1554912499999998E-003  0.10000000000000001        5.0000000000000003E-002   2.9999999999999997E-004   1.2142291631000000E-002
   1.0000000000000000E-008   2.4621964999999999E-002  0.40000000000000002       0.20000000000000001        10.000000000000000        1.2121199133000001E-002
   1.0000000000000000E-008   2.4621964999999999E-002  0.40000000000000002       0.20000000000000001        8.0000000000000000        1.2120766505000000E-002
   1.0000000000000000E-008   2.4621964999999999E-002  0.40000000000000002       0.20000000000000001        5.0000000000000000        1.2116682366000000E-002
   1.0000000000000000E-008   4.9243929999999998E-002   5.0000000000000003E-002  0.40000000000000002        1.0000000000000000E-004   1.2046337173999999E-002
   1.0000000000000000E-008   4.9243929999999998E-002   5.0000000000000003E-002  0.40000000000000002        2.0000000000000001E-004   1.2037151982000000E-002
   1.0000000000000000E-008   4.9243929999999998E-002   5.0000000000000003E-002  0.40000000000000002        2.9999999999999997E-004   1.2021719584000000E-002
   1.0000000000000000E-008   4.9243929999999998E-002   5.0000000000000003E-002  0.40000000000000002        5.9999999999999995E-004   1.1935770332999999E-002
   1.0000000000000000E-008   2.4621964999999999E-002  0.50000000000000000       0.20000000000000001        10.000000000000000        1.1751126371000000E-002
   1.0000000000000000E-008   2.4621964999999999E-002  0.50000000000000000       0.20000000000000001        8.0000000000000000        1.1750459999000000E-002
   1.0000000000000000E-008   2.4621964999999999E-002  0.50000000000000000       0.20000000000000001        5.0000000000000000        1.1744170751000000E-002
   1.0000000000000000E-008   4.9243929999999998E-002   5.0000000000000003E-002  0.40000000000000002        1.0000000000000000E-003   1.1715523681000000E-002
   1.0000000000000000E-008   6.1554912499999998E-003  0.10000000000000001        5.0000000000000003E-002   5.9999999999999995E-004   1.1649539860999999E-002
   1.0000000000000000E-008   1.2310983000000000E-005  0.10000000000000001        1.0000000000000000E-004   1.0000000000000000E-003   1.1617770172000001E-002
   1.0000000000000000E-008   6.1554912999999998E-005  0.10000000000000001        5.0000000000000001E-004   1.0000000000000000E-003   1.1617679031000000E-002
   1.0000000000000000E-008   1.2310982500000000E-004  0.10000000000000001        1.0000000000000000E-003   1.0000000000000000E-003   1.1617394208999999E-002
   1.0000000000000000E-008   2.4621965000000000E-004  0.10000000000000001        2.0000000000000000E-003   1.0000000000000000E-003   1.1616254829000000E-002
   1.0000000000000000E-008   3.6932947500000000E-004  0.10000000000000001        3.0000000000000001E-003   1.0000000000000000E-003   1.1614355531000001E-002
   1.0000000000000000E-008   6.1554912500000000E-004  0.10000000000000001        5.0000000000000001E-003   1.0000000000000000E-003   1.1608274999999999E-002
   1.0000000000000000E-008   9.8487860000000000E-004  0.10000000000000001        8.0000000000000002E-003   1.0000000000000000E-003   1.1593435748000000E-002
   1.0000000000000000E-008   1.2310982500000001        5.0000000000000003E-002   10.000000000000000        2.0000000000000000E-003   1.1584350973000000E-002
   1.0000000000000000E-008   1.2310982500000000E-003  0.10000000000000001        1.0000000000000000E-002   1.0000000000000000E-003   1.1579714982000000E-002
   1.0000000000000000E-008   6.1554912499999998E-003   5.0000000000000003E-002   5.0000000000000003E-002   1.0000000000000000E-004   1.1553835970999999E-002
   1.0000000000000000E-008   2.4621965000000000E-003  0.10000000000000001        2.0000000000000000E-002   1.0000000000000000E-003   1.1464457468999999E-002
   1.0000000000000000E-008   6.1554912499999998E-003   5.0000000000000003E-002   5.0000000000000003E-002   2.0000000000000001E-004   1.1443932049000001E-002
   1.0000000000000000E-008  0.12310982500000001        5.0000000000000003E-002   1.0000000000000000        2.0000000000000000E-003   1.1405698654999999E-002
   1.0000000000000000E-008   2.4621964999999999E-002  0.59999999999999998       0.20000000000000001        10.000000000000000        1.1305507338000001E-002
   1.0000000000000000E-008   2.4621964999999999E-002  0.59999999999999998       0.20000000000000001        8.0000000000000000        1.1304593703000000E-002
   1.0000000000000000E-008   9.8487859999999997E-002   5.0000000000000003E-002  0.80000000000000004        2.0000000000000000E-003   1.1304214809000001E-002
   1.0000000000000000E-008   2.4621964999999999E-002  0.59999999999999998       0.20000000000000001        5.0000000000000000        1.1295973127000000E-002
   1.0000000000000000E-008   6.1554912499999998E-003   5.0000000000000003E-002   5.0000000000000003E-002   2.9999999999999997E-004   1.1264083952000001E-002
   1.0000000000000000E-008   6.1554912500009999       0.10000000000000001        50.000000000000000        4.0000000000000001E-003   1.1071615857000000E-002
   1.0000000000000000E-008   6.1554912500000003E-002   5.0000000000000003E-002  0.50000000000000000        2.0000000000000000E-003   1.0864795714000000E-002
   1.0000000000000000E-008   1.2310983000000000E-005   2.0000000000000000        1.0000000000000000E-004   10.000000000000000        1.0699152591000001E-002
   1.0000000000000000E-008   6.1554912999999998E-005   2.0000000000000000        5.0000000000000001E-004   10.000000000000000        1.0699097283000000E-002
   1.0000000000000000E-008   1.2310982500000000E-004   2.0000000000000000        1.0000000000000000E-003   10.000000000000000        1.0698924449000001E-002
   1.0000000000000000E-008   2.4621965000000000E-004   2.0000000000000000        2.0000000000000000E-003   10.000000000000000        1.0698233170000000E-002
   1.0000000000000000E-008   3.6932947500000000E-004   2.0000000000000000        3.0000000000000001E-003   10.000000000000000        1.0697081240000000E-002
   1.0000000000000000E-008   6.1554912500000000E-004   2.0000000000000000        5.0000000000000001E-003   10.000000000000000        1.0693396754000000E-002
   1.0000000000000000E-008   1.2310983000000000E-005   2.0000000000000000        1.0000000000000000E-004   8.0000000000000000        1.0689345857000000E-002
   1.0000000000000000E-008   6.1554912999999998E-005   2.0000000000000000        5.0000000000000001E-004   8.0000000000000000        1.0689290653000000E-002
   1.0000000000000000E-008   1.2310982500000000E-004   2.0000000000000000        1.0000000000000000E-003   8.0000000000000000        1.0689118143000000E-002
   1.0000000000000000E-008   2.4621965000000000E-004   2.0000000000000000        2.0000000000000000E-003   8.0000000000000000        1.0688428161000000E-002
   1.0000000000000000E-008   3.6932947500000000E-004   2.0000000000000000        3.0000000000000001E-003   8.0000000000000000        1.0687278392000000E-002
   1.0000000000000000E-008   9.8487860000000000E-004   2.0000000000000000        8.0000000000000002E-003   10.000000000000000        1.0684426596000000E-002
   1.0000000000000000E-008   6.1554912500000000E-004   2.0000000000000000        5.0000000000000001E-003   8.0000000000000000        1.0683600814999999E-002
   1.0000000000000000E-008   1.2310982500000000E-003   2.0000000000000000        1.0000000000000000E-002   10.000000000000000        1.0676159988999999E-002
   1.0000000000000000E-008   9.8487860000000000E-004   2.0000000000000000        8.0000000000000002E-003   8.0000000000000000        1.0674647468000001E-002
   1.0000000000000000E-008   1.2310982500000000E-003   2.0000000000000000        1.0000000000000000E-002   8.0000000000000000        1.0666396341000001E-002
   1.0000000000000000E-008   2.4621964999999999E-002  0.29999999999999999       0.20000000000000001        1.0000000000000000        1.0612560162000000E-002
   1.0000000000000000E-008   2.4621965000000000E-003   2.0000000000000000        2.0000000000000000E-002   10.000000000000000        1.0607772955000001E-002
   1.0000000000000000E-008   2.4621965000000000E-003   2.0000000000000000        2.0000000000000000E-002   8.0000000000000000        1.0598136890000000E-002
   1.0000000000000000E-008   6.1554912499999998E-003  0.10000000000000001        5.0000000000000003E-002   1.0000000000000000E-003   1.0594854948999999E-002
   1.0000000000000000E-008   4.9243929999999998E-002   5.0000000000000003E-002  0.40000000000000002        2.0000000000000000E-003   1.0459918283999999E-002
   1.0000000000000000E-008   2.4621964999999999E-002  0.80000000000000004       0.20000000000000001        10.000000000000000        1.0365008265000000E-002
   1.0000000000000000E-008   2.4621964999999999E-002  0.80000000000000004       0.20000000000000001        8.0000000000000000        1.0363597932000000E-002
   1.0000000000000000E-008   6.1554912499999998E-003   5.0000000000000003E-002   5.0000000000000003E-002   5.9999999999999995E-004   1.0360131816000000E-002
   1.0000000000000000E-008   2.4621964999999999E-002  0.80000000000000004       0.20000000000000001        5.0000000000000000        1.0350291296000000E-002
   1.0000000000000000E-008   6.1554912499999998E-003   2.0000000000000000        5.0000000000000003E-002   10.000000000000000        1.0152864290000001E-002
   1.0000000000000000E-008   6.1554912499999998E-003   2.0000000000000000        5.0000000000000003E-002   8.0000000000000000        1.0144055355999999E-002
